508
4
6
11
13
29
31
32
38
58
94
109
110
137
140
144
164
166
181
185
188
197
213
218
236
252
259
274
298
303
312
324
339
362
402
413
429
452
464
466
486
513
523
544
545
558
577
580
596
602
619
637
645
649
662
668
681
683
687
700
710
718
720
724
726
729
733
744
806
821
842
843
860
861
862
866
873
884
891
893
898
920
924
932
944
946
974
979
992
1013
1015
1031
1036
1054
1058
1061
1068
1089
1098
1106
1140
1152
1157
1166
1185
1201
1207
1218
1228
1229
1241
1252
1255
1264
1266
1273
1276
1280
1304
1315
1334
1336
1354
1371
1383
1385
1393
1401
1407
1423
1425
1452
1483
1488
1514
1516
1518
1547
1550
1556
1592
1598
1617
1619
1620
1630
1648
1657
1663
1683
1686
1713
1722
1740
1744
1763
1775
1776
1782
1797
1817
1828
1829
1840
1849
1852
1866
1879
1886
1887
1895
1919
1930
1945
1954
1965
1989
1993
1994
1996
2006
2028
2032
2043
2052
2061
2067
2115
2121
2129
2136
2145
2150
2160
2179
2180
2186
2203
2209
2223
2232
2267
2295
2297
2304
2307
2320
2324
2327
2332
2357
2361
2363
2373
2381
2391
2417
2419
2421
2443
2466
2468
2476
2479
2482
2489
2521
2524
2526
2548
2550
2551
2553
2555
2556
2577
2579
2603
2607
2621
2643
2659
2685
2689
2696
2708
2712
2719
2724
2746
2755
2764
2774
2785
2792
2807
2809
2839
2842
2855
2870
2872
2876
2880
2882
2883
2891
2894
2895
2929
2948
2957
2960
2965
2986
3002
3005
3007
3039
3046
3051
3065
3086
3095
3104
3106
3110
3120
3130
3165
3170
3175
3189
3195
3196
3201
3208
3209
3214
3220
3221
3232
3237
3248
3252
3265
3294
3296
3306
3326
3346
3376
3401
3409
3424
3435
3438
3440
3443
3474
3476
3482
3506
3509
3526
3530
3532
3539
3548
3574
3580
3586
3606
3619
3649
3651
3659
3660
3678
3685
3690
3700
3704
3705
3706
3712
3720
3740
3749
3766
3770
3774
3776
3789
3823
3828
3831
3848
3863
3885
3886
3905
3914
3919
3935
3944
3955
3957
3989
3994
3997
4000
4019
4032
4036
4044
4045
4064
4071
4081
4084
4086
4099
4100
4148
4166
4183
4197
4198
4199
4200
4203
4217
4254
4257
4261
4276
4282
4290
4305
4306
4319
4321
4340
4353
4358
4366
4370
4371
4390
4407
4421
4434
4446
4454
4467
4481
4497
4537
4540
4558
4561
4562
4564
4565
4580
4617
4637
4647
4660
4684
4701
4706
4722
4739
4767
4779
4783
4785
4799
4800
4807
4811
4829
4842
4849
4851
4856
4857
4864
4866
4867
4875
4892
4905
4913
4916
4918
4919
4939
4980
4989
5002
5025
5035
5051
5079
5084
5087
5093
5094
5095
5097
5111
5134
5135
5138
5152
5154
5173
5183
5216
5218
5231
5238
5259
5260
5270
5296
5312
5319
5328
5345
5348
5351
5360
5370
5378
5385
5392
5414
5421
5430
5446
5451
5458
5469
5475
5478
