449
4
14
22
29
31
55
68
79
94
96
110
140
144
153
181
185
202
223
252
259
298
303
312
326
345
356
362
373
389
414
429
452
466
471
486
529
545
548
572
578
645
672
683
699
700
704
710
718
724
733
744
752
753
799
803
809
821
822
843
860
862
866
891
893
920
946
974
977
980
1013
1015
1027
1031
1036
1068
1077
1098
1104
1105
1106
1140
1157
1166
1185
1201
1228
1241
1252
1255
1264
1273
1276
1278
1280
1304
1310
1315
1326
1327
1354
1394
1409
1419
1444
1448
1452
1483
1497
1505
1518
1519
1521
1547
1566
1617
1620
1644
1663
1682
1683
1709
1710
1713
1722
1731
1759
1786
1797
1817
1822
1823
1829
1830
1840
1846
1849
1852
1861
1866
1879
1886
1887
1906
1930
1947
1954
1961
1983
1989
1993
1994
1996
2006
2010
2018
2028
2043
2058
2067
2074
2082
2090
2115
2121
2127
2135
2141
2150
2172
2180
2186
2190
2203
2204
2232
2236
2267
2271
2295
2297
2307
2320
2324
2357
2361
2363
2376
2381
2391
2396
2417
2419
2443
2466
2476
2479
2512
2524
2526
2550
2553
2555
2577
2579
2595
2607
2610
2616
2623
2624
2625
2634
2642
2656
2667
2683
2685
2698
2712
2719
2774
2784
2791
2792
2801
2807
2809
2832
2855
2867
2872
2876
2880
2882
2883
2895
2897
2929
2932
2936
2948
2965
2976
3005
3039
3046
3051
3055
3063
3065
3104
3110
3124
3158
3165
3167
3183
3188
3196
3205
3207
3208
3209
3214
3232
3252
3268
3280
3294
3296
3323
3329
3334
3348
3356
3378
3403
3432
3435
3440
3443
3462
3503
3506
3507
3509
3517
3521
3526
3530
3532
3574
3606
3608
3611
3615
3619
3622
3631
3649
3659
3660
3678
3705
3706
3722
3748
3749
3774
3785
3804
3810
3818
3831
3863
3885
3905
3919
3935
3952
3957
3990
3995
4000
4019
4022
4032
4039
4040
4044
4064
4081
4097
4099
4100
4133
4166
4173
4179
4183
4197
4200
4201
4203
4217
4221
4223
4228
4250
4254
4257
4276
4280
4287
4290
4305
4310
4319
4321
4358
4371
4375
4390
4404
4407
4421
4445
4446
4454
4493
4532
4558
4580
4617
4622
4628
4634
4637
4638
4660
4664
4670
4674
4693
4706
4721
4722
4734
4767
4768
4783
4799
4800
4809
4811
4816
4823
4829
4841
4848
4851
4856
4857
4875
4887
4892
4893
4895
4897
4905
4939
4980
4983
4995
5002
5042
5045
5051
5079
5095
5097
5099
5101
5115
5135
5144
5154
5218
5220
5222
5259
5270
5294
5296
5319
5327
5346
5351
5376
5378
5385
5421
5427
5428
5446
5464
5469
5475
5478
