4
6
11
13
14
22
24
29
31
32
38
54
55
57
58
68
79
93
94
96
109
110
131
136
137
140
144
153
164
166
172
180
181
185
188
194
197
202
213
218
223
236
248
252
259
274
298
303
312
324
326
339
345
356
362
373
383
389
402
413
414
429
452
454
464
466
471
486
513
523
529
544
545
548
558
572
577
578
580
596
602
619
637
645
649
662
668
672
681
683
687
688
699
700
704
710
712
718
720
724
726
729
733
744
752
753
786
799
803
806
809
821
822
834
842
843
860
861
862
866
873
877
881
884
891
893
898
920
924
932
944
946
974
977
979
980
987
992
1007
1013
1015
1016
1027
1031
1036
1045
1047
1054
1058
1061
1068
1077
1081
1089
1098
1104
1105
1106
1140
1152
1157
1166
1185
1201
1207
1214
1218
1222
1227
1228
1229
1241
1252
1255
1264
1266
1273
1276
1278
1280
1289
1292
1304
1310
1315
1317
1326
1327
1334
1336
1354
1371
1383
1385
1393
1394
1401
1407
1409
1411
1419
1423
1425
1437
1444
1448
1452
1457
1467
1483
1488
1492
1494
1497
1505
1514
1516
1518
1519
1521
1534
1547
1550
1556
1558
1566
1592
1598
1617
1619
1620
1630
1643
1644
1648
1657
1663
1682
1683
1686
1691
1709
1710
1713
1715
1716
1722
1731
1740
1744
1759
1763
1769
1770
1775
1776
1782
1786
1797
1817
1822
1823
1828
1829
1830
1840
1846
1849
1852
1861
1866
1879
1886
1887
1895
1906
1919
1930
1945
1947
1954
1961
1965
1967
1972
1983
1989
1993
1994
1996
2006
2009
2010
2018
2028
2032
2043
2046
2052
2058
2061
2067
2074
2082
2090
2115
2121
2127
2129
2135
2136
2141
2145
2150
2160
2172
2177
2179
2180
2186
2190
2203
2204
2208
2209
2213
2223
2232
2236
2267
2270
2271
2295
2297
2303
2304
2307
2320
2324
2327
2332
2349
2357
2361
2363
2373
2376
2381
2382
2391
2396
2398
2405
2417
2419
2421
2443
2466
2468
2476
2479
2482
2489
2512
2521
2524
2526
2534
2548
2550
2551
2553
2555
2556
2577
2579
2595
2603
2607
2610
2615
2616
2621
2623
2624
2625
2634
2642
2643
2656
2659
2667
2683
2684
2685
2689
2696
2698
2700
2708
2712
2719
2724
2746
2748
2755
2764
2774
2784
2785
2791
2792
2801
2807
2809
2832
2839
2842
2848
2855
2866
2867
2870
2872
2876
2880
2882
2883
2891
2894
2895
2897
2914
2929
2932
2936
2948
2953
2957
2960
2965
2968
2976
2983
2986
3002
3005
3007
3039
3046
3051
3055
3063
3065
3069
3086
3095
3102
3104
3106
3110
3120
3124
3130
3158
3165
3167
3170
3175
3183
3188
3189
3195
3196
3201
3205
3207
3208
3209
3214
3220
3221
3230
3232
3236
3237
3248
3252
3265
3268
3280
3294
3296
3306
3323
3326
3329
3331
3334
3346
3348
3356
3368
3376
3378
3401
3403
3406
3409
3424
3432
3435
3438
3440
3443
3460
3462
3474
3476
3482
3500
3503
3506
3507
3509
3517
3521
3526
3530
3532
3539
3548
3574
3580
3582
3583
3586
3606
3608
3611
3615
3619
3622
3631
3649
3651
3659
3660
3678
3685
3690
3700
3704
3705
3706
3711
3712
3720
3722
3740
3748
3749
3766
3770
3773
3774
3776
3785
3789
3804
3810
3818
3823
3828
3831
3845
3848
3863
3885
3886
3905
3914
3919
3935
3944
3952
3955
3957
3980
3989
3990
3991
3994
3995
3997
4000
4019
4022
4032
4036
4039
4040
4044
4045
4064
4071
4081
4084
4086
4097
4099
4100
4133
4148
4166
4173
4179
4183
4197
4198
4199
4200
4201
4203
4217
4221
4223
4228
4239
4245
4250
4254
4257
4261
4268
4276
4280
4282
4287
4290
4305
4306
4310
4319
4321
4323
4340
4353
4358
4360
4366
4370
4371
4373
4375
4390
4404
4407
4421
4434
4445
4446
4453
4454
4467
4481
4489
4493
4497
4514
4532
4537
4540
4558
4561
4562
4564
4565
4574
4580
4595
4617
4622
4628
4634
4637
4638
4647
4660
4664
4670
4674
4684
4693
4701
4703
4706
4721
4722
4734
4739
4767
4768
4779
4783
4785
4799
4800
4807
4809
4811
4816
4823
4829
4831
4835
4841
4842
4848
4849
4851
4855
4856
4857
4864
4866
4867
4875
4887
4892
4893
4895
4897
4905
4913
4916
4918
4919
4932
4933
4939
4970
4980
4983
4989
4995
5002
5025
5035
5042
5045
5051
5079
5084
5087
5093
5094
5095
5097
5099
5101
5111
5115
5130
5134
5135
5138
5144
5152
5154
5173
5183
5212
5216
5218
5220
5222
5231
5238
5245
5246
5259
5260
5270
5294
5296
5312
5319
5327
5328
5335
5345
5346
5348
5351
5357
5360
5370
5376
5378
5385
5392
5398
5414
5417
5421
5427
5428
5430
5446
5451
5454
5458
5464
5469
5475
5478
