124
11
13
54
93
136
137
188
194
213
248
274
324
454
513
523
580
602
619
688
712
720
752
786
803
834
843
862
881
932
992
1016
1054
1077
1214
1218
1229
1255
1317
1393
1411
1457
1492
1534
1550
1598
1686
1722
1744
1775
1947
1994
2052
2208
2332
2349
2373
2382
2396
2405
2468
2551
2577
2603
2615
2656
2684
2755
2866
2960
3069
3086
3095
3102
3120
3130
3175
3188
3230
3326
3331
3432
3460
3474
3582
3651
3685
3770
3845
3914
3991
4239
4245
4306
4323
4360
4489
4562
4565
4670
4674
4739
4779
4823
4835
4855
4866
4867
4932
4933
4970
5025
5084
5134
5173
5183
5216
5220
5246
5260
5335
5345
5398
5414
5458
